2 0.561805 0.503788 0.865275 0.983333
0 0.569729 0.083333 0.310611 0.139394
3 0.477813 0.838636 0.329628 0.089394
2 0.470149 0.490152 0.794050 0.837879
3 0.617913 0.615152 0.271649 0.066667
0 0.580599 0.132576 0.280604 0.116667
2 0.567819 0.524120 0.308511 0.929719
1 0.558511 0.136006 0.063830 0.144720
3 0.469415 0.599769 0.066489 0.063589
2 0.357048 0.453953 0.293883 0.863937
1 0.372340 0.085573 0.058511 0.122793
1 0.442154 0.104211 0.054521 0.120600
3 0.285239 0.512060 0.089096 0.032891
2 0.366821 0.512121 0.725729 0.972727
3 0.418935 0.738636 0.239336 0.050000
0 0.376472 0.193182 0.204594 0.198485
1 0.263559 0.127273 0.179502 0.203030
2 0.754777 0.506061 0.490253 0.984848
0 0.729685 0.109091 0.196873 0.187879
3 0.766358 0.628788 0.181432 0.033333
2 0.404920 0.572969 0.166223 0.600498
3 0.428191 0.616032 0.055851 0.031101
1 0.395612 0.325353 0.041223 0.100482
2 0.704787 0.599285 0.199468 0.677055
0 0.692154 0.316980 0.059840 0.117229
3 0.722074 0.632779 0.053191 0.021532
2 0.179521 0.522728 0.132979 0.571789
3 0.180851 0.564595 0.055851 0.023924
0 0.190824 0.293056 0.049202 0.107659
2 0.058511 0.534690 0.117021 0.586143
1 0.049867 0.289467 0.038564 0.100482
3 0.029920 0.562203 0.059840 0.033494
